64
1
1
1
5
1
8
1
20
1
23
1
26
1
29
3
23
3
26
6
1
6
5
6
8
6
14
6
20
6
23
6
26
9
5
9
8
9
11
9
14
9
17
9
20
9
23
9
26
12
1
12
5
12
8
12
11
12
20
12
23
12
26
12
29
15
1
15
5
15
8
15
11
15
20
15
23
15
26
15
29
18
5
18
8
18
11
18
14
18
17
18
20
18
23
18
26
21
1
21
5
21
8
21
14
21
20
21
23
21
26
24
23
24
26
26
1
26
5
26
8
26
20
26
23
26
26
26
29
2
4
10
5
-1
3
3
11
5
-1
12
5
-1
5
3
14
5
-1
8
2
-1
7
3
9
2
-1
32
11
-1
9
3
-1
16
3
-1
11
4
25
6
-1
12
3
17
3
-1
13
6
-1
14
6
20
3
-1
15
3
22
3
-1
16
3
23
3
-1
-1
18
3
26
3
-1
27
3
-1
20
3
28
3
-1
21
3
-1
22
3
45
9
-1
29
3
-1
24
3
30
3
-1
31
3
-1
26
4
-1
34
3
-1
28
3
-1
36
3
-1
30
3
-1
38
3
-1
32
3
-1
40
3
-1
34
4
49
6
-1
41
3
-1
36
3
42
3
-1
43
3
-1
38
3
46
3
-1
47
3
-1
40
3
48
3
-1
64
11
-1
42
3
50
3
-1
-1
44
3
-1
45
3
52
3
-1
46
3
-1
53
3
-1
48
3
54
3
-1
-1
50
4
58
5
-1
51
3
59
5
-1
52
6
60
5
-1
53
6
-1
54
3
61
5
-1
55
3
-1
57
3
-1
57
3
62
2
-1
63
2
-1
59
4
-1
60
3
-1
-1
62
3
-1
-1
64
3
-1
-1


